
Dear Art Conservator, the Mural of Unity and the Mural of Victory
 need your help! Please restore the murals, the stories of Azura
depend on you!

=================================================================

Degraded Mural of Unity:
 12   3   7  14   5   8 
  9  16  11   0   2  18 
 21   4  13  22   6  19 
 15  10  24  20   3  17 
  8  26  28   1  23  30 
 31   0  34  33  29  25 

Mural of Unity after reordering the titles:
 12   9  21  15   8  31 
  3  16   4  10  26   0 
  7  11  13  24  28  34 
 14   0  22  20   1  33 
  5   2   6   3  23  29 
  8  18  19  17  30  25 

Mural of Unity after rotating titles:
  8   5  14   7   3  12 
 18   2   0  11  16   9 
 19   6  22  13   4  21 
 17   3  20  24  10  15 
 30  23   1  28  26   8 
 25  29  33  34   0  31 

Mural of Unity after cleaning dirty titles:
  8   5   0   7   0  12 
  0   0   0   0   0   0 
 19   6   0  13   0  21 
 17   3   0  24   0  15 
 30  23   0  28   0   8 
  0   0   0   0   0   0 

Congratulations! You restored the Mural of Unity!

Now, let's work on the Mural of Victory!
Degraded Mural of Victory:
  1   2   3   4   5   6 
  7   8   9  10  11  12 
 13  14  15  16  17  18 
 19  20  21  22  23  24 
 25  26  27  28  29  30 
 31  32  33  34  35  36 

Mural after rotating a particular row:
  1   2   3   4   5   6 
  7   8   9  10  11  12 
 13  14  15  16  17  18 
 19  20  21  22  23  24 
 25  26  27  28  29  30 
 34  35  36  31  32  33 

Congratulations! You restored the Mural of Victory!
You can now unveil its secret by reading the spiral message!

The secret from the Mural of Victory:
1 2 3 4 5 6 12 18 24 30 33 32 31 36 35 34 25 19 13 7 8 9 10 11 17 23 29 28 27 26 20 14 15 16 22 21 